%YAML:1.0
---
Calibration:
   calibrationError: 2.5480782680105829e+00
   cameraMatrix: !!opencv-matrix
      rows: 3
      cols: 3
      dt: f
      data: [ 9.63009705e+02, 0., 5.39500000e+02, 0., 9.50390991e+02,
          4.04500000e+02, 0., 0., 1. ]
   distortions: !!opencv-matrix
      rows: 4
      cols: 1
      dt: f
      data: [ 0., 0., 0., 0. ]
   rotations:
      - !!opencv-matrix
         rows: 1
         cols: 1
         dt: "3d"
         data: [ 5.5267113749298075e-02, 5.7667017313859134e-02,
             -5.8188038702466013e-03 ]
      - !!opencv-matrix
         rows: 1
         cols: 1
         dt: "3d"
         data: [ -6.4223879896967512e-02, -3.2653777906739467e-01,
             -9.2244585016086567e-02 ]
      - !!opencv-matrix
         rows: 1
         cols: 1
         dt: "3d"
         data: [ -6.1118134345582359e-02, 5.3703463731728152e-01,
             2.1380129468864612e-02 ]
      - !!opencv-matrix
         rows: 1
         cols: 1
         dt: "3d"
         data: [ 3.8047141185870526e-01, 2.4335786484998661e-02,
             -1.8172771507466674e-02 ]
      - !!opencv-matrix
         rows: 1
         cols: 1
         dt: "3d"
         data: [ -3.6123701862871843e-01, -2.6715199058764587e-03,
             3.6939523292809348e-02 ]
      - !!opencv-matrix
         rows: 1
         cols: 1
         dt: "3d"
         data: [ -4.3019522976458668e-01, -3.3244941238126069e-01,
             -5.1719770229049111e-02 ]
      - !!opencv-matrix
         rows: 1
         cols: 1
         dt: "3d"
         data: [ -3.3865149752633916e-01, 6.2843744419869907e-01,
             5.6485469291030543e-02 ]
      - !!opencv-matrix
         rows: 1
         cols: 1
         dt: "3d"
         data: [ 7.3600537471636668e-02, 6.1887861781817100e-01,
             2.3276501493253818e-01 ]
      - !!opencv-matrix
         rows: 1
         cols: 1
         dt: "3d"
         data: [ 6.9391916551847926e-02, -3.2424111205473410e-01,
             -1.6010567647906211e-02 ]
   translations:
      - !!opencv-matrix
         rows: 1
         cols: 1
         dt: "3d"
         data: [ -1.3276650648363304e+02, -1.2777421374676693e+02,
             6.5599084062709221e+02 ]
      - !!opencv-matrix
         rows: 1
         cols: 1
         dt: "3d"
         data: [ -7.2660664370935137e+01, -1.3042523644377525e+02,
             6.3458262931078366e+02 ]
      - !!opencv-matrix
         rows: 1
         cols: 1
         dt: "3d"
         data: [ -1.1115889995678199e+02, -1.2076317130467561e+02,
             7.1919539341076711e+02 ]
      - !!opencv-matrix
         rows: 1
         cols: 1
         dt: "3d"
         data: [ -1.2154303847804992e+02, -6.4344250883797585e+01,
             5.6645241613700796e+02 ]
      - !!opencv-matrix
         rows: 1
         cols: 1
         dt: "3d"
         data: [ -1.2880135914310620e+02, -1.7390542169378858e+02,
             6.3633340281683365e+02 ]
      - !!opencv-matrix
         rows: 1
         cols: 1
         dt: "3d"
         data: [ -6.7236642455277973e+01, -1.5305043029215602e+02,
             6.2201552887734078e+02 ]
      - !!opencv-matrix
         rows: 1
         cols: 1
         dt: "3d"
         data: [ -9.0132566009485274e+01, -1.1634745395409006e+02,
             7.6383573124295378e+02 ]
      - !!opencv-matrix
         rows: 1
         cols: 1
         dt: "3d"
         data: [ -1.3819983553922964e+02, -9.1505506686812836e+01,
             7.6796112920783605e+02 ]
      - !!opencv-matrix
         rows: 1
         cols: 1
         dt: "3d"
         data: [ -3.3594144670591014e+01, -1.0019943211422385e+01,
             6.1948772058719339e+02 ]
