%YAML:1.0
---
Calibration:
   calibrationError: 2.4560557084699597e+00
   cameraMatrix: !!opencv-matrix
      rows: 3
      cols: 3
      dt: d
      data: [ 1.0241734006626762e+03, 0., 5.3950000000000000e+02, 0.,
          1.0155875385970527e+03, 4.0450000000000000e+02, 0., 0., 1. ]
   distortionCoefficients: !!opencv-matrix
      rows: 4
      cols: 1
      dt: d
      data: [ 0., 0., 0., 0. ]
   rotations:
      - !!opencv-matrix
         rows: 1
         cols: 1
         dt: "3d"
         data: [ 7.3161473945375782e-02, -1.7856715074290391e-01,
             -7.2148264281218510e-03 ]
      - !!opencv-matrix
         rows: 1
         cols: 1
         dt: "3d"
         data: [ 3.4990063560501168e-02, -4.2477122424606467e-01,
             -4.7298167856547876e-02 ]
      - !!opencv-matrix
         rows: 1
         cols: 1
         dt: "3d"
         data: [ 4.3040378568264280e-02, 3.8694704919734413e-01,
             7.3550244035696915e-03 ]
      - !!opencv-matrix
         rows: 1
         cols: 1
         dt: "3d"
         data: [ 3.3016475073205098e-01, -5.3936045475634744e-03,
             -3.0789499816755720e-04 ]
      - !!opencv-matrix
         rows: 1
         cols: 1
         dt: "3d"
         data: [ 4.8036489944278969e-02, 2.2110232606292118e-01,
             -1.1470827265175084e-02 ]
      - !!opencv-matrix
         rows: 1
         cols: 1
         dt: "3d"
         data: [ 2.5128253708028464e-01, -2.5395347931210277e-01,
             -1.7924945004977055e-01 ]
      - !!opencv-matrix
         rows: 1
         cols: 1
         dt: "3d"
         data: [ 2.1120743883345428e-01, 3.3339046588272353e-01,
             -2.7800907504584634e-02 ]
      - !!opencv-matrix
         rows: 1
         cols: 1
         dt: "3d"
         data: [ -2.8865060880430249e-01, -3.5191759997233546e-01,
             -5.9712091359749787e-02 ]
   translations:
      - !!opencv-matrix
         rows: 1
         cols: 1
         dt: "3d"
         data: [ -1.2523003875045295e+02, -1.3113761344819332e+02,
             7.4789158089168939e+02 ]
      - !!opencv-matrix
         rows: 1
         cols: 1
         dt: "3d"
         data: [ -7.9267292800851237e+01, -1.2472705525811013e+02,
             5.7613101811196555e+02 ]
      - !!opencv-matrix
         rows: 1
         cols: 1
         dt: "3d"
         data: [ -1.5275173517413495e+02, -1.2657651698411728e+02,
             7.0903677698822048e+02 ]
      - !!opencv-matrix
         rows: 1
         cols: 1
         dt: "3d"
         data: [ -1.3784822070985905e+02, -9.3063608827889027e+01,
             6.6446600292607206e+02 ]
      - !!opencv-matrix
         rows: 1
         cols: 1
         dt: "3d"
         data: [ -1.4343364239062726e+02, -1.3732418047804501e+02,
             6.9183348188391824e+02 ]
      - !!opencv-matrix
         rows: 1
         cols: 1
         dt: "3d"
         data: [ -1.0510031120431944e+02, -7.9362597961626690e+01,
             5.4063711173280547e+02 ]
      - !!opencv-matrix
         rows: 1
         cols: 1
         dt: "3d"
         data: [ -1.5638696090237073e+02, -8.3459185511597767e+01,
             6.5522519723907487e+02 ]
      - !!opencv-matrix
         rows: 1
         cols: 1
         dt: "3d"
         data: [ -1.3483910856390895e+02, -1.4643557995765102e+02,
             5.5355712492666532e+02 ]
